dEHm8jBYiR
302937938599975307586506391337231455044244253214778137288847949041929453448139042589623072556655181795980970646532450094255299371664951812451560109234983991670554507611969416223873558476121512888309807046913846590986506750369593169173059366314990457830617822960405460716937454502557445272234240218008852173515708
372172294027012142512731726825442383773758488727768367591169426874085123221609477283761703304720964219392984795865780585256188297514206465718982150967499295048898361994763297183045897831979351867395514069804239466548044553764414750764259810611718367769230555067892179304923521693596031052992449273855797692298607
283164486449091898722801098673478776373124453891234648837672179948348477816329140190019195553729387851768706833790150994836739702674103741865549506398773368675886427276470197944851712308768165949129837641806263808814969947379551062883501338552817202690695386789551076862791504569590384397296160918770710651307588
243025234673901210740876293732726992292986818944238856396498659987947416493929424968604114608351383436130904498747752205197958778750696380053981912164399071818885619338091604534232788794903612230011306735484351926513629893302855757248970434798857618196532694598252666141120304647160497149023813358672596803403690
444918154645120356607719314932232743489163315686190178971740042854232640000921367201964583962946806767124332299545675296533427355471571446004982487421755526188272992813710553024569157370712114992778568412682299373380223380728012519191762689601183586842440648399565419203362732782207649036567331868289572081628135

Hzoh5Sxx3m
89680531635148735039838240080652988341998602689656092725473216496531324938657528941334866638161880880737521359334906324771113401652808341535023478758399565184464197463531769398113535548304372226785635301384313508879534902333240321198524219372881341805827595456769839307740784514585097835252276750694517859659266
208946581235635859281764770419192901343394963555633371039697111880366882429201975363927625259730664871656953775598644568084645407510329021094312381095202047280234899052575226846435262983685687465856406837568250557900395155777008044083416819958230159313612302906699614091596268872441013392589546796519050487098117
70381646428833811680538700016576731648851510863156578958909851866964299028158006532941654565064802108310371093813030201254603412727723536933984838751591856331346151128087758529081715796902243952313461544295632958651358161912798359781113067031970820109552741697400663098646619990256417316245108310745771675984081
72764024464207205745561423000770162989931439405624911062561949206436995154603596475901037954604724063412214441019078559721433145574310937108780153675686163075919406342503978524578476102713755061954331888298842907032758302265279916015956305338077504507281023486850537213656526289709859590977116210988255495898634
416680403627704589726872072087393858400901627636330164793627671745855400604180636038934864847200813203077773966462053048245427747043995789606207949783795708023170168167683319849275616125238107152358519380544834392129700842603189816512801059678949136042373940808838001995993067189330138254801968196208666695576939

Hzoh5Sxx3m
86605421895425820396182750473834078533433618775668710687077243959466366619719432755103071839048257633541470498029961543456821043583743737506087271582305166619274056402353673294381450419663140529018018788075341776971780931925159954141838754767764119269113329158266548325415950777773679481048816715418421493854870
326065174061654053613741906685250704301927917699798600037281782240087040287866764253229942574865856906797661864485294941644682955884243928079884202917736845647331915643769770910167640816460866096147621331473158244558559473610884750851699379194736197506962710050893281244045761710175120477883799235496422812960759
309660517640974645579815680546204577217172067760770255095552375362545440297034892004093566745545266927146646061682158829063167713502255318576206407547648520579041443726895081968889737628468062771294015259570552800391616762275286535270747823149163565382498133702562081954698139946613830398982088589968605270723479
392519695340457306107239933499708128837599817886612243050192624243726371245444799853432750753353032149667790297485231347628573318001385695805926148646845013080369787553581045797661256428691661793449700095048746822518576550223506813577058718797106163079130636145041752461603822066397718972254491058473525590846084
145231167503550068572135198141845768953162596628822653550479839855670915843855733451129814488649484739991216158301357724886925059351752796120024901970274379669356016874266699147863525374820469744946740233939121602651348270021769831571133970347433397020756763544854312129560147519536179485431081667226926622188204

Hzoh5Sxx3m
236863623578924180175372128213995742441110787210790135808930005382576766438838861229035929758290828763652474924565836958423644324980738628932134053592368707387034397643360144527805221613678461254747206058049919442406915275698806908126391674228939244354735023803983225894858081945588660714566216613049616659578892
165116779885649120116419364518051656207792933330482690531150607990228989248683878493978513358430736129136704344995736694152642887141368593050188772871680083471388519109416396358126828929314666486014106402096509520800473302847452503609807490509151646406237908458218274168894702603257085009394200250751449293320413
457247356208096577534486564154842714335961417943616488044897837664816257782716463165761828937813538296626474508606706466079135278081724916140869976785647970130944900072694981233881934018537347612172986832549860825446394180842270588051088202786827830851888303165846775242048890826298464506423752457206500846923168
229940309182318686614030858527661837522592510253553566171041073403470567200512728523265641824632095957923550428665471178292218868768018988624895176063393766225812557184049014398664518802888264100817022422646283965106026585914381900548185254510307083064935784495861887333231510483288965853893212805670526401221124
208167715753106282499293181932746478583974021557261845433349707824770507852944215182795301133512967513950513318704660618243747369637745171093452940483871159013064696511896690071156894831954257118600850121414427763158008736031817187311082619675201414154119081047654924826788754273075750150876104516894018269767055

Hzoh5Sxx3m
373810713661445352237313905535027379426596471877895228039012180492673107521283628539833617196415578139002965229661046958806704362978276121332320437240120184106555476421800751550650727619106681630767132322549366549140642832063121392930701780234527031488454444788100333238861603224719792389018034396947779103561363
68801116901295447833670937178482180547778925295913003386025045120326389618893705209792119501093205944971816059641688896722535964189188532386927110892667625656212060765236418506862622989790013638512073533204529928685284765209179513291740729989456595521598349929459122303346092242636150358837797188600445375103120
388755694502359118094813994254450988158969393443474776613820881685657322995420489116432221538543700095083767987757750935250994173666794479608222355685541265095812650200453979005516247959173737834467025640597507049628781538391114293924023567748104573266669640529151871667109191562737826804233319493380006458813398
35892190760718083109977750062578359098549408967617153813495033201547971943397431273843953503564046349520421699272485008008485405628216083677935556923324771074606657596830212920757766852535905350730929123335887837039228587252348580222623666074185142685794065189172056604754598284557508537223567473199007820695855
18052114661857444431724806287889028096714408786349064042655795297183599404658498339193789012578288679821234680530972862183603778942599782780612081836579575494320312436891657647387448729988435964205427010731979914977642709816554212198508361726418073790782224023987026779881228364355844529315273655680256684814215

AEFEcAnFsw
228664138241455825215956495474154846745012740596338451579650835347024606413758228649435635525956515702412682990575407923789021773418587947283753093242826273774933330185844952775894891421400583343543461625629544358723402042731888211252496475967331634538794523313935934206228558887061049648354014071005893258614387
308851466197249777775879773309302812866241494652636022451575884913100040589830765383106151287512757830453175010816250129311632364279976493066462308399740811515499769079508712155304382973894154682149122155292657671083243820189756370757044390539389647722921591598781565307719872001672649369155726770504230704043326
10165380651194293011219660691027644388963836305124652381898263251499127119291883075871629499316234341322194061601360684537460017319786207160374190740347630207874657732515383641232903589539123710816461929931362948694691193110661956590412149664529065870640688637672985029237709745640280944877400114190834819985823
370184586672459627862902747928296956670751642045408956094605410989069971781723471752871134027887740919179022283541658019159500161388392382813103702401858773564111404391936037189172637223095455763643048514255333550632059721902359202720275443374175688671767310916280202725466017420728577146035718201286320413574012
22627763165180506242499884231610165244003175125891497761128674031522863472954948876537238061016747082147772302328657878963344798217461500748906368925409108241421849857110047058472893135086867760823724484177137109140061908487199019616908622240665393245736265252322652467063036282030670273585493890074624693997290

Hzoh5Sxx3m
57782019003488038817068999049621893737729464062814616830267533310215164244160522809414882054958420396210048246646136240175850124343350567079031287237030364441790138975605922126669292269873982259472704853853857537493425338873762298073820727860417321619025768174669567124277174961346572063605315633847941154309676
385961998090587351054075346787072888825993483426630970560335460377400612297591449445772771523989947302166605772864259496489521282128283089174998459943121005110891783372910348112566041186002918585855547397583327553168288608230645051312743911513476074904888049252080958629775381467870349035458997695332027244236716
294695070234744635789238958150763023573710465776749037798740681444576717943338410448887049721332943313830459670541362480714210778535233513250141524126245797061573853102929902095227467661916677613875355375601838157980712197426685419306241510810546538132513404246831467380556931730830805768842114758765271899986607
307903395005855731245909774009919938786949565484144290964512060322814475461128882058493938840600220204659812722835853068232270895281040191279436005773207842151785840064127755392453513523548245927231138126800552440172605207772653030682143811132504542365460423031667446756921652639612974983485594799205933614575625
365903153226625213333382287291309143956387241926848231536929798007346401097769668368434551472409982169446454391899103584528060025096078723137047463604134196388904590825230286861615232520314398807099504753651438604398567353451026614644810586902479967504977785398547818004045676116246622146579415600751805101732709

AEFEcAnFsw
177873749652560055775653023244582775360925394253571024348377001553281031548168788516965926085535849998618664734184283253643070360945303204630187515905418154625193069320054904104860465726852447422573304061844484928363124580160355638071045655152036448396132198156538924032489784568778698539856007033624108781578650
22422774136777857475947781076256571522419091488648912635845028541795269361543958041064168299840127696619598990654004762337655795716846512789775854200107654806100540599511382787449484071299101416099784810605669611829037881991272283102209090734559108948063793758514484748838441977937681561410986441620881685104388
251144166937999638782078117694781240933885290245614354173974376623865227827572516026299716633499665952686772155680866990046880797807206152416007236060787091332356133555067771410253337803295414358150465596958729306728984476698906845573343344733414196266765518921681704282742512443164989233259542047522382233064390
2106694652280628663271821484638029476070893936964155922225103547928014872923868652376264694797705753535453030634842030565393347481544966320727312636037792877936096515705044680584084405960016401187855097818916910932350818359355609396664879906340144600529529303364800077564106960287203887987124638937188174456703
119898810356174203876123073277161799875533264559480305342008763262793389215657676002893240854416684692178448919122281548862312641237467050128761489053333740302540341536532417988191387825847464874304403402618217697659277189047868117056597996546852989939774520293958708341276400511364486666111995978389420172037699

lSDKTgJlAw
347459649629792826733010319042516319659348601674640959202443487483620272055216877413374197904544060886568679266201657321417598967141683727938933212705457390539448984802891902521600824887818718226571481208366955255001158809986020053125266524251457328130106289723438163333417791547017942504011074259474042500758153
153903072726265828096133942001993015275480242435034667523593056840064658749979375945640894956773629330757311500565247538648843973232043070611795803446033679638336643590145857243991556093136728326999211148373570710438696966777387023895171916623231099663256700815444507167333182625427344758320186934049117194725257
15489684073279970566762302909871305876423279713091457600925400496052306520803092203396849131044531477800729465831042342251974113573665638515823258822864537608768615362927853178741878793321231161141745624384525425056224693662372951897795009743163460643872743449842164226436072870671447646100868232345458880782960
83365420377563567600415203084880007245812048283316653109067338524269389356133762066460307049273849487261025529465751389683792983120836804158285157322578208361043383330830819538253676550492497612283761415202397287377958317350574065237945398574900625973071357179533742961307030864170181667714132735497606733581013
235068947190531158051401238064505484032027615331261072420279406747673659490917494817311474444682708305728912252937375093635317975938911501041632889846789487534207193289199809001980076425978336060198496261974990954004757596711361283682328409037184536068076562929183874740872853326726510698168205749796265764680299

lSDKTgJlAw
460785017490783236888242620585874808087065222092674149536302497843713943707857607095900303986232534773531855052524413279439667056413578606973026770375880043121235079818951384573574945607423248878949740111322183142350958421663555584851756650277643449976430026612555259733691221059559345842696672759491982641342453
287834919946000978068846127587623435769974978050885777171597953654999286016621217567134024783901914813149626609394239686915756301234085767921870619852235843284852245541264868523496045681024298154008629566421625874624834641546786617245708823777606956034153033882013331605060604516440830636682878871824690660656310
159297823662674484784303322341810918601101558170369492429088125843362633933273542579541140558100505417339021500561775869963069907124017095837735354259782884864970419493524646370123443242284152465840479740179978630106046110018617201343868513197065072372024540289025255404958878859923090233859086351436870115169915
182379762336174880449616299623630699989622993339059790790415780674447417816348857321828272062095444336907450987579479312919085145419431313335886256989289842081706862242260468855819979042405265580750080400776780315428926499143947715385689043058598430842676251251892136359479728972543532677665652005938322051282435
1559518724248187982673473250115749957080608219005232916183722566212685895165584575600142358796502386242983757767961725755744646934108242285483929031665178324313573626387885635481745573332964103955103303756790161354563634210211203090246167344841543058286459982653769031491879461612478031814858971489067997988218

AEFEcAnFsw
334394327879500732561172636312453636406717762050189804496781430778310221894612824069789524764858419932935324729793734551544191507410643741328268658606995982939174915626945318757422579858420164711576606344479549510947794765254037184770285391269760678796904166842641490410204171800336219587122101779444092604475619
256707474188091618955782011757202449450545590161511271353002406140933947534239018561035783373164668050438047185857951188080264398062674054250879578977328154477852360565942256577203982887481602806177197577292934928797163985846139579726044650503542645765102285580980626819288760560675824359632718435165493043537156
71548013909998012134188133870876958682542090178339935861105382503675102223072882047876370615215269878008084930736746345022537929699048726237048361629975447029115610751830040372978733797549406596862966558618397483195326855694875196045935730443661801861219955745064880445066959337405761840914373907659178663078864
139960148713251532373555321089136408275675013232585826069564261621899970986591643770070366334194400494673745463063076653915413925394907315474420414461272573982199183817131509438851928590378169230451520316233237934214957160804936947885921310258012626493027786668973007456191147006536440797435023205309277668528722
234847189438771461931684205448952169525869883911600766345223802153132595374727664309323444922004173281524643978931611357639095964594457966434191326058210227022489999825368542545371490988238416661057546365346330282625166204956764443687813908192985217541877414528865781234754826012054861401399975060117140027152447

Hzoh5Sxx3m
368277403404850646451092240912098755106774960908694798634467201682494614355701096186915683977511136337310997390809065525436690802033253016895727189878919848532423513577734633707693510767029190534324224170697348459099664175896452359637353442840108666417070148382261833276677292606868492981028431143271652555468160
181147781065561636345908522377878321591024743157983024499270736412541411490694414853218616226840197966168344226159382035915159092008020167012857381532907549354230109757386810268426823867109714180909435293503794120135281323853338173022833752393660085856377544226761446631177787398249274343088871464673584141316502
112786861869812225070640551813619597122490568785249128713265371309879668261998361965449171058364835428668153335788170968989390231764299778904265117602427472395095285104730982681258462505621868781911000232526652993820377755620184346091135341833983051182822749854039238874325097946898669296208675651910103150932684
88964019098554001911343413938608671146665648353285933253841766266838585176083973791196098302280267900290577537185855648160461771653984156535979999316910120509176640240441290081290856921521416932728483510638050347818206317091508190178900531806206305057596430042993970932813264129978554569569254250091551094181
440567360673026344891341871820791570518611396301500537337758777678277449184005143888150494550392699794625464742146076917457033688992318626752876186986674175598710803684558493228329254731552203371404241591176260509322085625370577487728385112718015834191527321479923904785056711182900259141121116344382041896712544

